000000000000000000000000000000000000
000000000000000000000000000000000000
000000000000000000000000000000000000
000001100000000000000000000000000000
000010101000000000000000000000000000
000110011010110000000000000000000000
000101100110010000000000000000000000
001100101001000000000000000000000000
000011011001100000000000000000000000
000010000110110000000000000000000000
000000000100100000000000000000000000
000000000000000000000000000000000000
000000000000000000000000000000000000
000000000000000000000000000000000000
000000000000000000000000000000000000
000000000000000000000000000000000000
000000000000000000000000000000000000
000000000000000000000000000000000000
000000000000000000000000000000000000
000000000000000000000000000000000000
000000000000000000000000000000000000
000000000000000000000000000000000000
000000000000000000000000000000000000
000000000000000000000000000000000000
000000000000000000000000000000000000
