00000000000000000000000000000000000000000000000000
00000000000000000000000000000000000000000000000000
00000000000000000000000000000000000000000000000000
00000000000000000000000000000000000000000000000000
00000000000000000000000000000000000000000000000000
00000000000000000000000000000000000000000000000000
00000000000000000000000000000000000000000001000000
00000000000000000000000000000000000000000001000000
00000000000000000000000000000000000000000001000000
00000000000000000000000000000000000000000000000000
00000000000000000000000000000000000000000111000000
00000000000000000000000000000000000000000000100000
00000000000000000000000000000000000000010000100000
00000000000001001110000000000000000000100000100000
00100000000010010100000000000000000000100010000000
00111000001011110000000000000000000000000100000000
00001100000110000000000000000001100000101000000000
00001001000010000000000000000001010001100000000000
00010001000010000000001110011000100000000000000000
00000000010100001100110001111000000001100000000000
00000001101100011000001000100011100000110000000000
00000001101100011000001000100011100000110000000000
00000000010100001100110001111000000001100000000000
00010001000010000000001110011000100000000000000000
00001001000010000000000000000001010001100000000000
00001100000110000000000000000001100000101000000000
00111000001011110000000000000000000000000100000000
00100000000010010100000000000000000000100010000000
00000000000001001110000000000000000000100000100000
00000000000000000000000000000000000000010000100000
00000000000000000000000000000000000000000000100000
00000000000000000000000000000000000000000111000000
00000000000000000000000000000000000000000000000000
00000000000000000000000000000000000000000001000000
00000000000000000000000000000000000000000001000000
00000000000000000000000000000000000000000001000000
00000000000000000000000000000000000000000000000000
00000000000000000000000000000000000000000000000000
00000000000000000000000000000000000000000000000000
00000000000000000000000000000000000000000000000000
