00000000000000000000000000000000000000000000000000
00000000000000000000000000000000000000000000000000
00000000000000000000000000000000000000000000000000
00000000000000011000000000001100000000000000000000
00000000000000011000000000001100000000000000000000
00000000000000000000000000000000000000000000000000
00000000000000000000000000000000000000000000000000
00000000001000000000000000000000001000000000000000
00000000010100000100000000010000010100000000000000
00000000100100000101100011010000010010000000000000
00000000011000000000010100000000001100000000000000
00000000000000000001010101000000000000000000000000
00000000000000000000100010000000000000000000000000
00000000000000000000000000000000000000000000000000
00001100000000000000000000000000000000011000000000
00001100000000000000000000000000000000011000000000
00000000011000000000000000000000001100000000000000
00000000000000000000000000000000000000000000000000
00000000001010000000000000000000101000000000000000
00000000001001000000000000000001001000000000000000
00000000000110000000000000000000110000000000000000
00000000000000000000000000000000000000000000000000
00000000000110000000000000000000110000000000000000
00000000001001000000000000000001001000000000000000
00000000001010000000000000000000101000000000000000
00000000000000000000000000000000000000000000000000
00000000011000000000000000000000001100000000000000
00001100000000000000000000000000000000011000000000
00001100000000000000000000000000000000011000000000
00000000000000000000000000000000000000000000000000
00000000000000000000100010000000000000000000000000
00000000000000000001010101000000000000000000000000
00000000011000000000010100000000001100000000000000
00000000100100000101100011010000010010000000000000
00000000010100000100000000010000010100000000000000
00000000001000000000000000000000001000000000000000
00000000000000000000000000000000000000000000000000
00000000000000000000000000000000000000000000000000
00000000000000011000000000001100000000000000000000
00000000000000011000000000001100000000000000000000
