00000000000000000000000000000000000000000000000000
00000000000000000000000000000000000000000000000000
00000000000000000000000000000000000000000000000000
00000000000000000000000000000000000000000000000000
00000000000000000000000000000000000000000000000000
00000000000000000000000000000000000000000000000000
00000000000000000000000000000000000000000000000000
00000000000000000000000000000000000000000000000000
00000000000000000000000000000000000000000000000000
00000000000000000000000000000000000000000000000000
00000000000000000000000000000000000000000000000000
00000000000000000000000000000000000000000000000000
00000111110000000000000000000000000000000000000000
00001000010000000000000000110000000000000000000000
00000000010000000111100001111000000000000000000000
00000000100000001000100001101100000000000000000000
00000000000000000000100000011000000000000000000000
00000000000000000001000000000000000000000000000000
00000000000000000000000000000000000000000000000000
00000000000000000000000000000000000000000000000000
00000000000000000000000011000000000000000000000000
00000000000000000000000010100000000000000000000000
00000000000000000000000010110000000000000000000000
00000000000000000000000001100000000000000000000000
00000000000000000000000001000000000000000000000000
00000110000000000000000000000000000000000000000000
00001111000000000000000000000000000000000000000000
00001101100000000000000010000000000000000000000000
00000011000000000000000001000000000000000000000000
00000000000000000000100001000000000000000000000000
00000000000000000000011111000000000000000000000000
00000000000000000000000000000000000000000000000000
00000000000000000000000000000000000000000000000000
00000000000000000000000000000000000000000000000000
00000000000000000000000000000000000000000000000000
00000000000000000000000000000000000000000000000000
00000000000000000000000000000000000000000000000000
00000000000000000000000000000000000000000000000000
00000000000000000000000000000000000000000000000000
00000000000000000000000000000000000000000000000000
