00000000000000000000000000000000000000000000000000
00000000000000000000000000000000000000000000000000
00000000000000000000000000000000000000000000000000
00000000000000000000000000000000000000000000000000
00000000000000000000000000000000000000000000000000
00000000000000000000000000000000000000000000000000
00000000000010100000000000000000000000000000000000
00000000000010010000000000000000000000000000000000
00000000000000011000000000000000000000000000000000
00000000000000000100000000000000000000000000000000
00000000000000011110000000000000000000000000000000
00000000000000100001000000000000000000000000000000
00000000111000001001000000000000000000000000000000
00000000001000001001000000000000000000000000000000
00000000101000000010000000000000000000000000000000
00000000000010111100000000000000000000000000000000
00000000010010001000000000000000000000000000000000
00001100000000010000000000000000000000000000000000
00100001000111110000000000000000000000000000000000
00000000100000000000000000000000000000000000000000
00100000100111110000000000000000000000000000000000
00011111100000010000000000000000000000000000000000
00000000000010001000000000000000000000000000000000
00000000000010111100000000000000000000000000000000
00000000001000000010000000000000000000000000000000
00000000001000001001000000000000000000000000000000
00000001011000001001000000000000000000000000000000
00000001000000100001000000000000000000000000000000
00000000000000011110000000000000000000000000000000
00000000000000000100000000000000000000000000000000
00000000000000011000000000000000000000000000000000
00000000000010010000000000000000000000000000000000
00000000000010100000000000000000000000000000000000
00000000000000000000000000000000000000000000000000
00000000000000000000000000000000000000000000000000
00000000000000000000000000000000000000000000000000
00000000000000000000000000000000000000000000000000
00000000000000000000000000000000000000000000000000
00000000000000000000000000000000000000000000000000
00000000000000000000000000000000000000000000000000
