00000000000000000000000000000000000000000000000000
00000000000000000000000000000000000000000000000000
00000000000000000000000000000000000000000000000000
00000000000000000000000000000000000000000000000000
00000000000000000000000000000000000000000000000000
00000000000000000000000000000000000000000000000000
00000000000000000000000000000000000000000000000000
00000000000000000000000000000000000000000000000000
00000000000000000000000000000000000000000000000000
00000000000000000000000000000000000000000000000000
00000000000000000000000000000000000000000000000000
00000000000000000000000000000000000000000000000000
00000000000000000000000000000000000000000000000000
00000000000000000000000000000000000000000000000000
00000000000000000000000000000000000000000000000000
00010000000000000000000000000000000000000000000000
00101000000000000000000000000000000000000000000000
00001100000000000000000000000000000000000000000000
00100000000000000000000000000000000000000000000000
00100010000000000000000000000000000000000000000000
00000010010000000000000000000000000000000000000000
00111100101000000000000000000000000000000000000000
00000000100100000000000000000000000000000000000000
00111100101000000000000000000000000000000000000000
00000010010000000000000000000000000000000000000000
00100010000000000000000000000000000000000000000000
00100000000000000000000000000000000000000000000000
00001100000000000000000000000000000000000000000000
00101000000000000000000000000000000000000000000000
00010000000000000000000000000000000000000000000000
00000000000000000000000000000000000000000000000000
00000000000000000000000000000000000000000000000000
00000000000000000000000000000000000000000000000000
00000000000000000000000000000000000000000000000000
00000000000000000000000000000000000000000000000000
00000000000000000000000000000000000000000000000000
00000000000000000000000000000000000000000000000000
00000000000000000000000000000000000000000000000000
00000000000000000000000000000000000000000000000000
00000000000000000000000000000000000000000000000000
