00000000000000000000000000000000000000000000000000
00000000000000000000000000000000000000000000000000
00000000000000000000000000000000000000000000000000
00000000000000000000000000000000000000000000000000
00000000000000000000110000000000000000000000000000
00000000000000000000110000000000000000000000000000
00000000000000011000010000000000000000000000000000
00000000000011010010100000000000000000000000000000
00000000000000011010100000000000000000000000000000
00000000000000100011000000000000000000000000000000
00000000000000010000000000000000000000000000000000
00000000000000000001000000000000000000000000000000
00000000001000011001100000000000000000000000000000
00000000000000010000001000000000000000000000000000
00000000001111000000000100000000000000000000000000
00000000001000000000011100000000000000000000000000
00000110001000000000000000000000000000000000000000
00110100100100000000000000000000000000000000000000
00000110101000000000000000000000000000000000000000
00001000110000000000000000000000000000000000000000
00000100000000000000000000000000000000000000000000
00000000010000000000000000000000000000000000000000
00000110011000000000000000000000000000000000000000
01011100000010000000000000000000000000000000000000
00110000000001000000000000000000000000000000000000
00000000000111000000000000000000000000000000000000
00000000000000000000000000000000000000000000000000
00000000000000000000000000000000000000000000000000
00000000000000000000000000000000000000000000000000
00000000000000000000000000000000000000000000000000
00000000000000000000000000000000000000000000000000
00000000000000000000000000000000000000000000000000
00000000000000000000000000000000000000000000000000
00000000000000000000000000000000000000000000000000
00000000000000000000000000000000000000000000000000
00000000000000000000000000000000000000000000000000
00000000000000000000000000000000000000000000000000
00000000000000000000000000000000000000000000000000
00000000000000000000000000000000000000000000000000
00000000000000000000000000000000000000000000000000
