00000000000000000000000000000000000000000000000000
00000000000000000000000000000000000000000000000000
00000000000000000000000000000000000000000000000000
00000000000000000000000000000000000000000000000000
00000000000000000000000000000000000000000000000000
00000000000000000000000000000000000000000000000000
00000000000000000000000000000000000000000000000000
00000000000000000000000000000000000000000000000000
00000000000000000000000000000000000000000000000000
00000000000000000000000000000000000000000000000000
00000000000000011000000110000000000000000000000000
00000000000000100100001001000000000000000000000000
00000000000000101000000101000000000000000000000000
00000000000011001110011100110000000000000000000000
00000000000100000010010000001000000000000000000000
00000000000101100000000001101000000000000000000000
00000000000010100000000001010000000000000000000000
00000000000000110000000011000000000000000000000000
00000000000000000000000000000000000000000000000000
00000000000000000000000000000000000000000000000000
00000000000000110000000011000000000000000000000000
00000000000010100000000001010000000000000000000000
00000000000101100000000001101000000000000000000000
00000000000100000010010000001000000000000000000000
00000000000011001110011100110000000000000000000000
00000000000000101000000101000000000000000000000000
00000000000000100100001001000000000000000000000000
00000000000000011000000110000000000000000000000000
00000000000000000000000000000000000000000000000000
00000000000000000000000000000000000000000000000000
00000000000000000000000000000000000000000000000000
00000000000000000000000000000000000000000000000000
00000000000000000000000000000000000000000000000000
00000000000000000000000000000000000000000000000000
00000000000000000000000000000000000000000000000000
00000000000000000000000000000000000000000000000000
00000000000000000000000000000000000000000000000000
00000000000000000000000000000000000000000000000000
00000000000000000000000000000000000000000000000000
00000000000000000000000000000000000000000000000000
