00000000000000000000000000000000000000
00000000000000000000000000000000000000
00000000000000000000000000000000000000
00000000000000000000000000000000000000
00000000000000000000000000000000000000
00000011110001111000000000101000000000
00000110011011001100000000101000000000
00000100001010000100000000101000000000
00000000001010000100000000000000000000
00000000011010000100000001000100000000
00000000110010000100000000111000000000
00000011000011001100100000000000000000
00000111111001111001100000000000000000
00000000000000000011000000000000000000
00000000000000000110000000000000000000
00000000000000001100011110001111000000
00000000000000011000110011011001100000
00000000000000110000100001010000100000
00000000000001100000000001010000100000
00000000000011000000000011010000100000
00000000000000000000000110010000100000
00000000000000000000011000011001100000
00000000000000000000111111001111000000