00000000000000000000000000000000000000000000000000
00000000000000000000000000000000000000000000000000
00000000000000000000000000000000000000000000000000
00001000000000000111110000000000000000000000000000
00001000000000000000100000000000000000000000000000
00001000011100000000101110100100000000000000000000
00001000010000000000101000100100000000000000000000
00001000011000001000101100100100000000000000000000
00001000010000001101101000100100000000000000000000
00001111011100000111001110011000000000000000000000
00000000000000000000000000000000000000000000000000
00000000000000000000000000000000000100000000000000
00000000000000000000000000000000000000000000000000
00000111001110000100001100000100010101110000000000
00000100101000000100010010000100010101000000000000
00000100101100000100011110000100010101100000000000
00000100101000000100010010000010100101000000000000
00000111001110000111010010000001000101110000000000
00000000000000000000000000000000000000000000000000
00000000000000000000000000000000000000000000000000
00000000000000010000000000000011000000000000000000
00000000000000100111111111111100100000000000000000
00000000000000011000000000000001000000000000000000
00000000000000000000000000000000000000000000000000
00000000000000000000000000000000000000000000000000
00001111000000000000000000000000000000000000000000
00001000100000000000000000000000000000000000000000
00001000100000000000000100000000010001110000000000
00001111000000000000000100000000101000001000000000
00001000010100100100100110000000010000001000000000
00001000011001010001010100000111000001110000000000
00001000010001010101110100000101000000001000000000
00001000010000100101000100000101000000001000000000
00000000000000000100110100000101000001110000000000
00000000000000001000000000000000000000000000000000
00000000000000000000000000000000000000000000000000
00000000000000000000000000000000000000000000000000
00000000000000000000000000000000000000000000000000
00000000000000000000000000000000000000000000000000
00000000000000000000000000000000000000000000000000
