00000000000000000000000000000000000000000000000000
00000000000000000000000000000000000000000000000000
00000000000000000000000000000000000000000000000000
00000000000000000000000000000000000000000000000000
00000000000000000000000000000000000000000000000000
00000000000000000000000000000000000000000000000000
00000000000000000000000000000000000000000000000000
00000000000000000000000000000000000000000000000000
00000000000000000000000000000000000000000000000000
00000000000000000000000000000000000000000000000000
00000000000000000000000000000000000000000000000000
00000000000000000000000000000000000000000000000000
00000000000000000000000000000000000000000000000000
00000000000000000000000000000000000000000000000000
00000000000000000000000000000000000000000000000000
00000000000000000000000000000000000000000000000000
00000000000000000000000000000000000000000000000000
00000000000000000000000000000000000000000000000000
00000000000000000000000000000000000000000000000000
00000000000000000000000000000000000000000000000000
00000000000000000000000000000000000000000000000000
00000000000000000000000000000000000000000000000000
00000000000000000000000000000000000000000000000000
00000000000000000000000000000000000000000000000000
00000000000000000000000000000000000000000000000000
00000000000000000000000000000000000000000000000000
00000000000000000000000000000000000000000000000000
00000000000111000000000000000000000000000000000000
00110000000001000000000000000000000000000000000000
01011100000010000000000000000000000000000000000000
00000110011000000000000000000000000000000000000000
00000000010000000000000000000000000000000000000000
00000100000000000000000000000000000000000000000000
00001000110000000000000000000000000000000000000000
00000110101000000000000000000000000000000000000000
00110100101000000000000000000000000000000000000000
00000110000100000000000000000000000000000000000000
00000000001100000000000000000000000000000000000000
00000000001100000000000000000000000000000000000000
00000000000000000000000000000000000000000000000000
