00000000000000000000000000000000000000000000000000
00000000000000000000000000000000000000000000000000
00000000000000000000000000000000000000000000000000
00000000000000000000000000000000000000000000000000
00000000000000000000000000000000000000000000000000
00000000000000000000000000000000000000000000000000
00000000000000000000000000000000000000000000000000
00000000000000000000000000000000000000000000000000
00000000000000000000000000000000000000000000000000
00000000000000000000000000000000000000000000000000
00000100000000000000000000000000000000000000000000
00000111100000000000000000000000000000000000000000
00000001101001000000000000000000000000000000000000
00000000000001000000000000000000000000000000000000
00000001101000100000000111100000000000000000000000
00111110101011011000001000100000000000000000000000
00111110010101011000000000100000000000000000000000
00011010011100010011001001000000000000000000000000
00000000000000110100100000000000000000000000000000
00000000000000110000100000000000000000000000000000
00000000000000110100100000000000000000000000000000
00011010011100010011001001000000000000000000000000
00111110010101011000000000100000000000000000000000
00111110101011011000001000100000000000000000000000
00000001101000100000000111100000000000000000000000
00000000000001000000000000000000000000000000000000
00000001101001000000000000000000000000000000000000
00000111100000000000000000000000000000000000000000
00000100000000000000000000000000000000000000000000
00000000000000000000000000000000000000000000000000
00000000000000000000000000000000000000000000000000
00000000000000000000000000000000000000000000000000
00000000000000000000000000000000000000000000000000
00000000000000000000000000000000000000000000000000
00000000000000000000000000000000000000000000000000
00000000000000000000000000000000000000000000000000
00000000000000000000000000000000000000000000000000
00000000000000000000000000000000000000000000000000
00000000000000000000000000000000000000000000000000
00000000000000000000000000000000000000000000000000
