00000000000000000000000000000000000000
00000000000000000000000000000000000000
00000000000000000101000000000000000000
00000000000000010010010000000000000000
00000000000001001010100100000000000000
00000000000100101010101001000000000000
00000000010010100110101010010000000000
00000001001010100000010010100100000000
00000000101001000000000010101001000000
00000011101000000000000001001010000000
00000000010000000000000000001011100000
00000111100000000000000000000100000000
00000000000000000000000000000011110000
00001110000000000000000000000000000000
00000001000000000000000000000000111000
00011111000000000000000000000001000000
00000000000000000000000000000000111100
00111100000000000000000000000000000000
00000010000000000000000000000011111000
00011100000000000000000000000010000000
00000000000000000000000000000001110000
00001111000000000000000000000000000000
00000000100000000000000000000111100000
00000111010000000000000000001000000000
00000001010010000000000000010111000000
00000010010101000000000010010100000000
00000000100101001000000101010010000000
00000000001001010101100101001000000000
00000000000010010101010100100000000000
00000000000000100101010010000000000000
00000000000000001001001000000000000000
00000000000000000010100000000000000000
00000000000000000000000000000000000000
00000000000000000000000000000000000000