00000000000000000000000000000000000000000000000000
00000000000000000000000000000000000000000000000000
00000000000000000000000000000000000000000000000000
00000000000000000000000000000000000000000000000000
00000000000000000000000000000000000000000000000000
00000000000000000000000000000000000000000000000000
00000000000000000000000000000000000000000000000000
00000000000000000000000000000000000000000000000000
00000000000000000000000000000000000000000000000000
00000000000000000000000000000000000000000000000000
00000000000000000000000000000000000000000000000000
00000000000000000000000000000000000000000000000000
00000000000000000000000000000000000000000000000000
00000000000000000000000000000000000000000000000000
00000000000000000000000000000000000000000000000000
00000000000000000000000000000000000000000000000000
00000000000000000000000000000000000000000000000000
00011000000000000000000000000000000000000000000000
01000110000000000000000000000000000000000000000000
01010110000000000000000000000000000000000000000000
01000000000000000000000000000000000000000000000000
00011100000000000000000000000000000000000000000000
00000010000000000000000000000000000000000000000000
00000111000000000000000000000000000000000000000000
00010100100000000000000000000000000000000000000000
00000000000000000000000000000000000000000000000000
00101011100000000000000000000000000000000000000000
00011100010000000000000000000000000000000000000000
00010000100000000000000000000000000000000000000000
00000000100000000000000000000000000000000000000000
00000110000000000000000000000000000000000000000000
00000000110000000000000000000000000000000000000000
00000000100000000000000000000000000000000000000000
00000011100000000000000000000000000000000000000000
00000001000000000000000000000000000000000000000000
00000100000000000000000000000000000000000000000000
00000011000000000000000000000000000000000000000000
00000011000000000000000000000000000000000000000000
00000100000000000000000000000000000000000000000000
00000000000000000000000000000000000000000000000000
