00000000000000000000000000000000000000000000000000
00000000000000000000000000000000000000000000000000
00000000000000000000000000000000000000000000000000
00000000000000000000000000000000000000000000000000
00000000000000000000000000000000000000000000000000
00000000000000000000000000000000000000000000000000
00000000000000000000000000000000000000000000000000
00011000000000000000000000000000000000000000000000
00100100010001000100010001000100010001000100000000
00000010101010101010101010101010101010101010000000
00100100010001000100010001000100010001000100000000
00011100000000000000000000000000000000000000000000
00001100000000000000000000000000000000000000000000
00001100000000000000000000000000000000000000000000
00000100000000000000000000000000000000000000000000
00000100000000000000000000000000000000000000000000
00000100000000000000000000000000000000000000000000
00000100000000000000000000000000000000000000000000
00000100000000000000000000000000000000000000000000
00000100000000000000000000000000000000000000000000
00000100000000000000000000000000000000000000000000
00001100000000000000000000000000000000000000000000
00001100000000000000000000000000000000000000000000
00011100000000000000000000000000000000000000000000
00100100010001000100010001000100010001000100000000
00000010101010101010101010101010101010101010000000
00100100010001000100010001000100010001000100000000
00011000000000000000000000000000000000000000000000
00000000000000000000000000000000000000000000000000
00000000000000000000000000000000000000000000000000
00000000000000000000000000000000000000000000000000
00000000000000000000000000000000000000000000000000
00000000000000000000000000000000000000000000000000
00000000000000000000000000000000000000000000000000
00000000000000000000000000000000000000000000000000
00000000000000000000000000000000000000000000000000
00000000000000000000000000000000000000000000000000
00000000000000000000000000000000000000000000000000
00000000000000000000000000000000000000000000000000
00000000000000000000000000000000000000000000000000
