00000000000000000000000000000000000000000000000000
00000000000000000000000000000000000000000000000000
00000000000000000000000000000000000000000000000000
00000000000000000000000000000000000000000000000000
00000000000000000000000000000000000000000000000000
00000000000000000000000000000000000000000000000000
00000000000000000000000000000000000000000000000000
00000000000000000000000000000000000000000000000000
00000000000000000000000000000000000000000000000000
00000000000000000000000000000000000000000000000000
00000000000000000000000000000000000000000000000000
00000000000100000000000000000000000000000000000000
00000000011011000000000000000000000000000000000000
00000010100100000000000000000000000000000000000000
00000010000000000000000000000000000000000000000000
00001010000000000000000000000000000000000000000000
00010010000000000000000000000000000000000000000000
00010001100000000000000000000000000000000000000000
00000001100000000000000000000000000000000000000000
00000001100000000000000000000000000000000000000000
00010001100000000000000000000000000000000000000000
00010010000000000000000000000000000000000000000000
00001010000000000000000000000000000000000000000000
00000010000000000000000000000000000000000000000000
00000010100100000000000000000000000000000000000000
00000000011011000000000000000000000000000000000000
00000000000100000000000000000000000000000000000000
00000000000000000000000000000000000000000000000000
00000000000000000000000000000000000000000000000000
00000000000000000000000000000000000000000000000000
00000000000000000000000000000000000000000000000000
00000000000000000000000000000000000000000000000000
00000000000000000000000000000000000000000000000000
00000000000000000000000000000000000000000000000000
00000000000000000000000000000000000000000000000000
00000000000000000000000000000000000000000000000000
00000000000000000000000000000000000000000000000000
00000000000000000000000000000000000000000000000000
00000000000000000000000000000000000000000000000000
00000000000000000000000000000000000000000000000000
