00000000000000000000000000000000000000000000000000
00000000000000000000000000000000000000000000000000
00000000000000000000000100000000000000000000000000
00000000000000000000011011000000000000000000000000
00000000000000000010100100000000000000000000000000
00000000000000000010000000000000000000000000000000
00000000000000001010000000000000000000000000000000
00000000000000010010000000000000000000000000000000
00000000000000010001100000000000000000000000000000
00000000000000000001100000000000000000000000000000
00000000000000000001100000000000000000000000000000
00000000000000010001100000000000000000000000000000
00000000000000010010000000000000000000000000000000
00000000000000001010000000000000000000000000000000
00000000000000000010000000000000000000000000000000
00000000000000000010100100000000000000000000000000
00000000110011100000011011000000000000000000000000
00101100110000000100000100000000000000000000000000
00100010000010000010000000000000000000000000000000
00011110000001110110000000000000000000000000000000
00000000000000000011000000000000000000000000000000
00011110000001110110000000000000000000000000000000
00100010000010000010000000000000000000000000000000
00101100110000000100000100000000000000000000000000
00000000110011100000011011000000000000000000000000
00000000000000000010100100000000000000000000000000
00000000000000000010000000000000000000000000000000
00000000000000001010000000000000000000000000000000
00000000000000010010000000000000000000000000000000
00000000000000010001100000000000000000000000000000
00000000000000000001100000000000000000000000000000
00000000000000000001100000000000000000000000000000
00000000000000010001100000000000000000000000000000
00000000000000010010000000000000000000000000000000
00000000000000001010000000000000000000000000000000
00000000000000000010000000000000000000000000000000
00000000000000000010100100000000000000000000000000
00000000000000000000011011000000000000000000000000
00000000000000000000000100000000000000000000000000
00000000000000000000000000000000000000000000000000
