00000000000000000000000000000000000000000000000000
00000000000000000000000000000000000000000000000000
00000000000001100000000000000000000000000000000000
00000000000100010000000000000000000000000000000000
00000000000000011000000000000000000000000000000000
00000000000111011000000000000000000000000000000000
00000000000000000000000000000000000000000000000000
00000000000000000100000000000000000000000000000000
00000000000000000110000000000000000000000000000000
00000000000000000010000000000000000000000000000000
00000000000000010010000000000000000000000000000000
00000000000000011100000000000000000000000000000000
00101000000001100000000000000000000000000000000000
00001000000000100000000000000000000000000000000000
01001000000100100110000000000000000000000000000000
01000000000111000101000000000000000000000000000000
00111000011000000000000000000000000000000000000000
00011000001000000011100000000000000000000000000000
00000011001001100000001000000000000000000000000000
00000001110001001000000100000000000000000000000000
00000000000000101000011100000000000000000000000000
00000000000000001000000000000000000000000000000000
00000000000000000001000000000000000000000000000000
00000000000000000101000000000000000000000000000000
00000000000000000011000000000000000000000000000000
00000000000000000000000000000000000000000000000000
00000000000000000000000000000000000000000000000000
00000000000000000000000000000000000000000000000000
00000000000000000000000000000000000000000000000000
00000000000000000000000000000000000000000000000000
00000000000000000000000000000000000000000000000000
00000000000000000000000000000000000000000000000000
00000000000000000000000000000000000000000000000000
00000000000000000000000000000000000000000000000000
00000000000000000000000000000000000000000000000000
00000000000000000000000000000000000000000000000000
00000000000000000000000000000000000000000000000000
00000000000000000000000000000000000000000000000000
00000000000000000000000000000000000000000000000000
00000000000000000000000000000000000000000000000000
