00000000011000000001100000000000000000011000000
00000000011000000100100000000000000000010000000
00000010000000000111000000000000000000001110000
00000011111110000000001001001001001001000010000
00000000000010011111111111111111111111111010100
00001111111010100000000000000000000000000101010
11010000000011011010011100111001110011100001010
01010100000001100011000110001100011000110011011
10010000000110001110011100111001110011100001010
11001111110000100000000000000000000000000101010
00000000001110001111111111111111111111111010100
00001101000010101001001001001001001001000010000
00000101111001010000000000000000000000001110000
00001000001101000000000000000000000000010000000
00000111000001000000000000000000000000011000000
00000001000001100000000000000000000000000000000
